11,27
11,17
11,1
11,16
11,2
11,3
9,7
9,6
9,1
9,4
9,2
9,3
8,4
8,17
8,8
8,11
8,1
8,14
8,2
8,3
0,528
12,2
12,1
12,3
116,3
116,2
116,1
116,0
115,3
115,2
115,1
115,0
114,3
114,2
114,1
114,0
113,3
113,2
113,1
113,0
112,3
112,2
112,1
112,0
111,3
111,2
111,1
111,0
110,3
20,2
110,2
20,1
110,1
110,0
109,3
20,3
109,2
109,1
109,0
108,4
108,3
108,2
108,1
108,0
107,3
19,2
19,1
107,2
107,1
107,0
19,3
106,3
106,2
106,1
106,0
105,3
105,2
105,1
105,0
104,3
104,2
104,1
104,0
103,3
103,2
103,1
103,0
102,3
102,2
102,1
102,0
101,3
101,2
101,1
101,0
100,3
100,2
100,1
100,0
99,3
99,2
99,1
99,0
98,3
18,1
98,2
98,1
98,0
97,3
97,2
97,1
18,3
97,0
96,3
14,1
96,2
96,1
96,0
95,3
14,5
95,2
95,1
95,0
94,5
94,4
94,3
14,3
13,1
94,2
94,1
94,0
93,4
